
Dispersion, First and Higher Orders


 etall    1, NO =    3, NV =    6, INA =   95
 *********************************************

    I  COEFFICIENT          ORDER   EXPONENTS
     1   1.0000000000000        1     1 0  0 0  0 0
   1.00000000000000     
     2   0.8259467664791E-06    1     0 0  0 0  1 0
  8.259467664791478E-007
     3   -2.784397847078        2     0 0  0 0  2 0
  -2.78439784707833     
     4    84.48103355642        3     0 0  0 0  3 0
   84.4810335564183     
                                      

 etall    1, NO =    3, NV =    6, INA =   96
 *********************************************

    I  COEFFICIENT          ORDER   EXPONENTS
     1   1.0000000000000        1     0 1  0 0  0 0
   1.00000000000000     
     2   0.1837563242969E-13    1     0 0  0 0  1 0
  1.837563242968950E-014
     3    4.258233032979        2     0 0  0 0  2 0
   4.25823303297858     
     4   -89.96016541525        3     0 0  0 0  3 0
  -89.9601654152458     
                                      

 etall    1, NO =    3, NV =    6, INA =   97
 *********************************************

    I  COEFFICIENT          ORDER   EXPONENTS
     1   1.0000000000000        1     0 0  1 0  0 0
   1.00000000000000     
                                      

 etall    1, NO =    3, NV =    6, INA =   98
 *********************************************

    I  COEFFICIENT          ORDER   EXPONENTS
     1   1.0000000000000        1     0 0  0 1  0 0
   1.00000000000000     
                                      

 etall    1, NO =    3, NV =    6, INA =   99
 *********************************************

    I  COEFFICIENT          ORDER   EXPONENTS
     1   1.0000000000000        1     0 0  0 0  1 0
   1.00000000000000     
                                      

 etall    1, NO =    3, NV =    6, INA =  100
 *********************************************

    I  COEFFICIENT          ORDER   EXPONENTS
     1   0.1837563242969E-13    1     1 0  0 0  0 0
  1.837563242968950E-014
     2  -0.8259467664791E-06    1     0 1  0 0  0 0
 -8.259467664791478E-007
     3   1.0000000000000        1     0 0  0 0  0 1
   1.00000000000000     
     4    8.516466065957        2     1 0  0 0  1 0
   8.51646606595716     
     5    5.568795694157        2     0 1  0 0  1 0
   5.56879569415666     
     6   0.1758536927834E-05    2     0 0  0 0  2 0
  1.758536927834211E-006
     7   -269.8804962457        3     1 0  0 0  2 0
  -269.880496245737     
     8   -253.4431006693        3     0 1  0 0  2 0
  -253.443100669255     
     9  -0.7430230928840E-04    3     0 0  0 0  3 0
 -7.430230928839876E-005
                                      

Tunes, Chromaticities and Anharmonicities


 etall    1, NO =    3, NV =    6, INA =  101
 *********************************************

    I  COEFFICIENT          ORDER   EXPONENTS
     1   0.6666002450401        0     0 0  0 0  0 0
  0.666600245040056     
     2  -0.9905133970954        1     1 0  0 0  0 0
 -0.990513397095411     
     3   0.3301711323651        1     0 1  0 0  0 0
  0.330171132365121     
     4   -3.697403850393        1     0 0  0 0  1 0
  -3.69740385039296     
     5    12412.53701502        2     2 0  0 0  0 0
   12412.5370150172     
     6    12412.53701502        2     0 2  0 0  0 0
   12412.5370150172     
     7   -8.986576023308        2     0 0  2 0  0 0
  -8.98657602330847     
     8    2779.621364116        2     1 0  0 0  1 0
   2779.62136411626     
     9   -926.5404547054        2     0 1  0 0  1 0
  -926.540454705423     
    10   -8.986576023308        2     0 0  0 2  0 0
  -8.98657602330847     
    11    60.40066015412        2     0 0  0 0  2 0
   60.4006601541198     
                                      

 etall    1, NO =    3, NV =    6, INA =  102
 *********************************************

    I  COEFFICIENT          ORDER   EXPONENTS
     1   0.7199999828035        0     0 0  0 0  0 0
  0.719999982803525     
     2   0.7392509607209        1     1 0  0 0  0 0
  0.739250960720906     
     3   0.3941291737419E-14    1     0 1  0 0  0 0
  3.941291737419306E-015
     4   -1.155215888802        1     0 0  0 0  1 0
  -1.15521588880203     
     5   -8.986576023308        2     2 0  0 0  0 0
  -8.98657602330843     
     6   -8.986576023308        2     0 2  0 0  0 0
  -8.98657602330843     
     7   -3.332643659403        2     0 0  2 0  0 0
  -3.33264365940328     
     8   -15.74631378060        2     1 0  0 0  1 0
  -15.7463137805951     
     9  -0.6927791673661E-13    2     0 1  0 0  1 0
 -6.927791673660977E-014
    10   -3.332643659403        2     0 0  0 2  0 0
  -3.33264365940328     
    11   -17.89163441005        2     0 0  0 0  2 0
  -17.8916344100549     
                                      

 etall    1, NO =    3, NV =    6, INA =  103
 *********************************************

    I  COEFFICIENT          ORDER   EXPONENTS
     1    19.21335601297        1     0 0  0 0  1 0
   19.2133560129737     
     2    11.61573677375        2     2 0  0 0  0 0
   11.6157367737479     
     3    11.61573677375        2     0 2  0 0  0 0
   11.6157367737479     
     4    3.629217749571        2     0 0  2 0  0 0
   3.62921774957095     
     5   0.7474628564437E-12    2     1 0  0 0  1 0
  7.474628564436501E-013
     6  -0.8887709540926E-12    2     0 1  0 0  1 0
 -8.887709540926429E-013
     7    3.629217749571        2     0 0  0 2  0 0
   3.62921774957095     
     8    26.90774113854        2     0 0  0 0  2 0
   26.9077411385418     
     9   -5821.625375695        3     3 0  0 0  0 0
  -5821.62537569540     
    10   -30851.99895610        3     2 1  0 0  0 0
  -30851.9989561002     
    11   -5821.625375695        3     1 2  0 0  0 0
  -5821.62537569540     
    12   -30851.99895610        3     0 3  0 0  0 0
  -30851.9989561002     
    13    49.46850370473        3     1 0  2 0  0 0
   49.4685037047321     
    14   -22.90199463490        3     0 1  2 0  0 0
  -22.9019946348997     
    15   -379.5085404301        3     2 0  0 0  1 0
  -379.508540430051     
    16   -379.5085404301        3     0 2  0 0  1 0
  -379.508540430051     
    17    112.4164544467        3     0 0  2 0  1 0
   112.416454446682     
    18    49.46850370473        3     1 0  0 2  0 0
   49.4685037047321     
    19   -22.90199463490        3     0 1  0 2  0 0
  -22.9019946348997     
    20   0.1199776900468E-11    3     1 0  0 0  2 0
  1.199776900468243E-012
    21   0.1275806742032E-10    3     0 1  0 0  2 0
  1.275806742032418E-011
    22    112.4164544467        3     0 0  0 2  1 0
   112.416454446682     
    23   -628.1163723679        3     0 0  0 0  3 0
  -628.116372367941     
                                      

 etall    1, NO =    3, NV =    6, INA =  104
 *********************************************

    I  COEFFICIENT          ORDER   EXPONENTS
     1   0.6666002450401        0     0 0  0 0  0 0
  0.666600245040056     
     2  -0.6603422647303        1     1 0  0 0  0 0
 -0.660342264730266     
     3  -0.3301711323651        1     0 1  0 0  0 0
 -0.330171132365145     
     4   -3.697403850393        1     0 0  0 0  1 0
  -3.69740385039296     
     5    12412.53701502        2     1 1  0 0  0 0
   12412.5370150172     
     6   -8.986576023308        2     0 0  1 1  0 0
  -8.98657602330847     
     7    1853.080909411        2     1 0  0 0  1 0
   1853.08090941084     
     8    926.5404547054        2     0 1  0 0  1 0
   926.540454705419     
     9    60.40066015412        2     0 0  0 0  2 0
   60.4006601541198     
                                      

 etall    1, NO =    3, NV =    6, INA =  105
 *********************************************

    I  COEFFICIENT          ORDER   EXPONENTS
     1   0.7199999828035        0     0 0  0 0  0 0
  0.719999982803525     
     2   0.3696254803605        1     1 0  0 0  0 0
  0.369625480360451     
     3   0.3696254803605        1     0 1  0 0  0 0
  0.369625480360455     
     4   -1.155215888802        1     0 0  0 0  1 0
  -1.15521588880203     
     5   -8.986576023308        2     1 1  0 0  0 0
  -8.98657602330843     
     6   -3.332643659403        2     0 0  1 1  0 0
  -3.33264365940328     
     7   -7.873156890297        2     1 0  0 0  1 0
  -7.87315689029749     
     8   -7.873156890298        2     0 1  0 0  1 0
  -7.87315689029756     
     9   -17.89163441005        2     0 0  0 0  2 0
  -17.8916344100549     
                                      

 etall    1, NO =    3, NV =    6, INA =  106
 *********************************************

    I  COEFFICIENT          ORDER   EXPONENTS
     1    19.21335601297        1     0 0  0 0  1 0
   19.2133560129737     
     2    11.61573677375        2     1 1  0 0  0 0
   11.6157367737479     
     3    3.629217749571        2     0 0  1 1  0 0
   3.62921774957095     
     4   0.3737314282218E-12    2     1 0  0 0  1 0
  3.737314282218250E-013
     5   0.3737314282218E-12    2     0 1  0 0  1 0
  3.737314282218250E-013
     6    26.90774113854        2     0 0  0 0  2 0
   26.9077411385418     
     7   -2910.812687848        3     2 1  0 0  0 0
  -2910.81268784770     
     8   -2910.812687848        3     1 2  0 0  0 0
  -2910.81268784770     
     9    24.73425185237        3     1 0  1 1  0 0
   24.7342518523661     
    10    24.73425185237        3     0 1  1 1  0 0
   24.7342518523661     
    11   -379.5085404301        3     1 1  0 0  1 0
  -379.508540430051     
    12    112.4164544467        3     0 0  1 1  1 0
   112.416454446682     
    13   0.5998884502341E-12    3     1 0  0 0  2 0
  5.998884502341213E-013
    14   0.5998884502341E-12    3     0 1  0 0  2 0
  5.998884502341213E-013
    15   -628.1163723679        3     0 0  0 0  3 0
  -628.116372367941     
                                      
