
Dispersion, First and Higher Orders


 etall    1, NO =    3, NV =    6, INA =   95
 *********************************************

    I  COEFFICIENT          ORDER   EXPONENTS
     1   1.0000000000000        1     1 0  0 0  0 0
   1.00000000000000     
     2   0.8259467664791E-06    1     0 0  0 0  1 0
  8.259467664791478E-007
     3   -2.784397847078        2     0 0  0 0  2 0
  -2.78439784707833     
     4    84.48103355642        3     0 0  0 0  3 0
   84.4810335564183     
                                      

 etall    1, NO =    3, NV =    6, INA =   96
 *********************************************

    I  COEFFICIENT          ORDER   EXPONENTS
     1   1.0000000000000        1     0 1  0 0  0 0
   1.00000000000000     
     2   0.1837563242969E-13    1     0 0  0 0  1 0
  1.837563242968950E-014
     3    4.258233032979        2     0 0  0 0  2 0
   4.25823303297858     
     4   -89.96016541525        3     0 0  0 0  3 0
  -89.9601654152458     
                                      

 etall    1, NO =    3, NV =    6, INA =   97
 *********************************************

    I  COEFFICIENT          ORDER   EXPONENTS
     1   1.0000000000000        1     0 0  1 0  0 0
   1.00000000000000     
                                      

 etall    1, NO =    3, NV =    6, INA =   98
 *********************************************

    I  COEFFICIENT          ORDER   EXPONENTS
     1   1.0000000000000        1     0 0  0 1  0 0
   1.00000000000000     
                                      

 etall    1, NO =    3, NV =    6, INA =   99
 *********************************************

    I  COEFFICIENT          ORDER   EXPONENTS
     1   1.0000000000000        1     0 0  0 0  1 0
   1.00000000000000     
                                      

 etall    1, NO =    3, NV =    6, INA =  100
 *********************************************

    I  COEFFICIENT          ORDER   EXPONENTS
     1   0.1837563242969E-13    1     1 0  0 0  0 0
  1.837563242968950E-014
     2  -0.8259467664791E-06    1     0 1  0 0  0 0
 -8.259467664791478E-007
     3   1.0000000000000        1     0 0  0 0  0 1
   1.00000000000000     
     4    8.516466065957        2     1 0  0 0  1 0
   8.51646606595716     
     5    5.568795694157        2     0 1  0 0  1 0
   5.56879569415666     
     6   0.1758536927834E-05    2     0 0  0 0  2 0
  1.758536927834211E-006
     7   -269.8804962457        3     1 0  0 0  2 0
  -269.880496245737     
     8   -253.4431006693        3     0 1  0 0  2 0
  -253.443100669255     
     9  -0.7430230928840E-04    3     0 0  0 0  3 0
 -7.430230928839876E-005
                                      

Tunes, Chromaticities and Anharmonicities


 etall    1, NO =    3, NV =    6, INA =  101
 *********************************************

    I  COEFFICIENT          ORDER   EXPONENTS
     1   0.6666002450401        0     0 0  0 0  0 0
  0.666600245040056     
     2   -3.697403850393        1     0 0  0 0  1 0
  -3.69740385039296     
     3    12435.99274785        2     2 0  0 0  0 0
   12435.9927478475     
     4    12435.99274785        2     0 2  0 0  0 0
   12435.9927478475     
     5   -23.36030414993        2     0 0  2 0  0 0
  -23.3603041499261     
     6   -23.36030414993        2     0 0  0 2  0 0
  -23.3603041499261     
     7    60.40066015412        2     0 0  0 0  2 0
   60.4006601541198     
                                      

 etall    1, NO =    3, NV =    6, INA =  102
 *********************************************

    I  COEFFICIENT          ORDER   EXPONENTS
     1   0.7199999828035        0     0 0  0 0  0 0
  0.719999982803525     
     2   -1.155215888802        1     0 0  0 0  1 0
  -1.15521588880203     
     3   -23.36030414993        2     2 0  0 0  0 0
  -23.3603041499267     
     4   -23.36030414993        2     0 2  0 0  0 0
  -23.3603041499267     
     5    3.290248387581        2     0 0  2 0  0 0
   3.29024838758127     
     6    3.290248387581        2     0 0  0 2  0 0
   3.29024838758127     
     7   -17.89163441005        2     0 0  0 0  2 0
  -17.8916344100548     
                                      

 etall    1, NO =    3, NV =    6, INA =  103
 *********************************************

    I  COEFFICIENT          ORDER   EXPONENTS
     1    19.21335601297        1     0 0  0 0  1 0
   19.2133560129737     
     2    11.61573677375        2     2 0  0 0  0 0
   11.6157367737479     
     3    11.61573677375        2     0 2  0 0  0 0
   11.6157367737479     
     4    3.629217749571        2     0 0  2 0  0 0
   3.62921774957095     
     5    3.629217749571        2     0 0  0 2  0 0
   3.62921774957095     
     6    26.90774113854        2     0 0  0 0  2 0
   26.9077411385418     
     7   -379.5085404301        3     2 0  0 0  1 0
  -379.508540430082     
     8   -379.5085404301        3     0 2  0 0  1 0
  -379.508540430082     
     9    112.4164544467        3     0 0  2 0  1 0
   112.416454446695     
    10    112.4164544467        3     0 0  0 2  1 0
   112.416454446695     
    11   -628.1163723679        3     0 0  0 0  3 0
  -628.116372367941     
                                      

 etall    1, NO =    3, NV =    6, INA =  104
 *********************************************

    I  COEFFICIENT          ORDER   EXPONENTS
     1   0.6666002450401        0     0 0  0 0  0 0
  0.666600245040056     
     2   -3.697403850393        1     0 0  0 0  1 0
  -3.69740385039296     
     3    12435.99274785        2     1 1  0 0  0 0
   12435.9927478475     
     4   -23.36030414993        2     0 0  1 1  0 0
  -23.3603041499261     
     5    60.40066015412        2     0 0  0 0  2 0
   60.4006601541198     
                                      

 etall    1, NO =    3, NV =    6, INA =  105
 *********************************************

    I  COEFFICIENT          ORDER   EXPONENTS
     1   0.7199999828035        0     0 0  0 0  0 0
  0.719999982803525     
     2   -1.155215888802        1     0 0  0 0  1 0
  -1.15521588880203     
     3   -23.36030414993        2     1 1  0 0  0 0
  -23.3603041499267     
     4    3.290248387581        2     0 0  1 1  0 0
   3.29024838758127     
     5   -17.89163441005        2     0 0  0 0  2 0
  -17.8916344100548     
                                      

 etall    1, NO =    3, NV =    6, INA =  106
 *********************************************

    I  COEFFICIENT          ORDER   EXPONENTS
     1    19.21335601297        1     0 0  0 0  1 0
   19.2133560129737     
     2    11.61573677375        2     1 1  0 0  0 0
   11.6157367737479     
     3    3.629217749571        2     0 0  1 1  0 0
   3.62921774957095     
     4    26.90774113854        2     0 0  0 0  2 0
   26.9077411385418     
     5   -379.5085404301        3     1 1  0 0  1 0
  -379.508540430082     
     6    112.4164544467        3     0 0  1 1  1 0
   112.416454446695     
     7   -628.1163723679        3     0 0  0 0  3 0
  -628.116372367941     
                                      
