beam->n1min =   6.03061 ;
reference node: lhccell$start:1
+++ aper_rectellipse:    6.00000     5.99990     6.00000     6.00000 1
+++ aper_rectellipse:    0.00000     0.00577
quarterlength : 9
+++ aper_fill_quadrants: quarterlength = 9
  0     6.00000     0.00000 
  1     5.90951     1.03810 
  2     5.64078     2.04489 
  3     5.20192     2.98999 
  4     4.60615     3.84492 
  5     3.87145     4.58387 
  6     3.01998     5.18457 
  7     2.07742     5.62888 
  8     1.07220     5.90342 
  9     0.03464     5.99990 
  10    -0.03464     5.99990 
  11    -1.07220     5.90342 
  12    -2.07742     5.62888 
  13    -3.01998     5.18457 
  14    -3.87145     4.58387 
  15    -4.60615     3.84492 
  16    -5.20192     2.98999 
  17    -5.64078     2.04489 
  18    -5.90951     1.03810 
  19    -6.00000     0.00000 
  20    -6.00000    -0.00000 
  21    -5.90951    -1.03810 
  22    -5.64078    -2.04489 
  23    -5.20192    -2.98999 
  24    -4.60615    -3.84492 
  25    -3.87145    -4.58387 
  26    -3.01998    -5.18457 
  27    -2.07742    -5.62888 
  28    -1.07220    -5.90342 
  29    -0.03464    -5.99990 
  30     0.03464    -5.99990 
  31     1.07220    -5.90342 
  32     2.07742    -5.62888 
  33     3.01998    -5.18457 
  34     3.87145    -4.58387 
  35     4.60615    -3.84492 
  36     5.20192    -2.98999 
  37     5.64078    -2.04489 
  38     5.90951    -1.03810 
  39     6.00000    -0.00000 
  40     6.00000     0.00000 
