beam->n1min =   6.02996 ;
+++ aper_rectellipse:    6.00000     6.00000     6.00010     6.00010 1
+++ aper_rectellipse:    0.00577     0.00577
quarterlength : 9
+++ aper_fill_quadrants: quarterlength = 9
  0     6.00000     0.03464 
  1     5.90421     1.06843 
  2     5.63164     2.07023 
  3     5.19046     3.01004 
  4     4.59387     3.85974 
  5     3.85974     4.59387 
  6     3.01004     5.19046 
  7     2.07023     5.63164 
  8     1.06843     5.90421 
  9     0.03464     6.00000 
  10    -0.03464     6.00000 
  11    -1.06843     5.90421 
  12    -2.07023     5.63164 
  13    -3.01004     5.19046 
  14    -3.85974     4.59387 
  15    -4.59387     3.85974 
  16    -5.19046     3.01004 
  17    -5.63164     2.07023 
  18    -5.90421     1.06843 
  19    -6.00000     0.03464 
  20    -6.00000    -0.03464 
  21    -5.90421    -1.06843 
  22    -5.63164    -2.07023 
  23    -5.19046    -3.01004 
  24    -4.59387    -3.85974 
  25    -3.85974    -4.59387 
  26    -3.01004    -5.19046 
  27    -2.07023    -5.63164 
  28    -1.06843    -5.90421 
  29    -0.03464    -6.00000 
  30     0.03464    -6.00000 
  31     1.06843    -5.90421 
  32     2.07023    -5.63164 
  33     3.01004    -5.19046 
  34     3.85974    -4.59387 
  35     4.59387    -3.85974 
  36     5.19046    -3.01004 
  37     5.63164    -2.07023 
  38     5.90421    -1.06843 
  39     6.00000    -0.03464 
  40     6.00000     0.03464 
