beam->n1min =   6.03061 ;
+++ aper_rectellipse:    6.00000     6.00000     6.00000     6.00000 1
+++ aper_rectellipse:    0.00000     0.00000
quarterlength : 9
+++ aper_fill_quadrants: quarterlength = 9
  0     6.00000     0.00000 
  1     5.90885     1.04189 
  2     5.63816     2.05212 
  3     5.19615     3.00000 
  4     4.59627     3.85673 
  5     3.85673     4.59627 
  6     3.00000     5.19615 
  7     2.05212     5.63816 
  8     1.04189     5.90885 
  9     0.00000     6.00000 
  10    -0.00000     6.00000 
  11    -1.04189     5.90885 
  12    -2.05212     5.63816 
  13    -3.00000     5.19615 
  14    -3.85673     4.59627 
  15    -4.59627     3.85673 
  16    -5.19615     3.00000 
  17    -5.63816     2.05212 
  18    -5.90885     1.04189 
  19    -6.00000     0.00000 
  20    -6.00000    -0.00000 
  21    -5.90885    -1.04189 
  22    -5.63816    -2.05212 
  23    -5.19615    -3.00000 
  24    -4.59627    -3.85673 
  25    -3.85673    -4.59627 
  26    -3.00000    -5.19615 
  27    -2.05212    -5.63816 
  28    -1.04189    -5.90885 
  29    -0.00000    -6.00000 
  30     0.00000    -6.00000 
  31     1.04189    -5.90885 
  32     2.05212    -5.63816 
  33     3.00000    -5.19615 
  34     3.85673    -4.59627 
  35     4.59627    -3.85673 
  36     5.19615    -3.00000 
  37     5.63816    -2.05212 
  38     5.90885    -1.04189 
  39     6.00000    -0.00000 
  40     6.00000     0.00000 
