beam->n1min =   6.03006 ;
+++ aper_rectellipse:    5.99990     6.00000     6.00000     6.00000 1
+++ aper_rectellipse:    0.00577     0.00000
quarterlength : 9
+++ aper_fill_quadrants: quarterlength = 9
  0     5.99990     0.03464 
  1     5.90342     1.07220 
  2     5.62888     2.07742 
  3     5.18457     3.01998 
  4     4.58387     3.87145 
  5     3.84492     4.60615 
  6     2.98999     5.20192 
  7     2.04489     5.64078 
  8     1.03810     5.90951 
  9     0.00000     6.00000 
  10    -0.00000     6.00000 
  11    -1.03810     5.90951 
  12    -2.04489     5.64078 
  13    -2.98999     5.20192 
  14    -3.84492     4.60615 
  15    -4.58387     3.87145 
  16    -5.18457     3.01998 
  17    -5.62888     2.07742 
  18    -5.90342     1.07220 
  19    -5.99990     0.03464 
  20    -5.99990    -0.03464 
  21    -5.90342    -1.07220 
  22    -5.62888    -2.07742 
  23    -5.18457    -3.01998 
  24    -4.58387    -3.87145 
  25    -3.84492    -4.60615 
  26    -2.98999    -5.20192 
  27    -2.04489    -5.64078 
  28    -1.03810    -5.90951 
  29    -0.00000    -6.00000 
  30     0.00000    -6.00000 
  31     1.03810    -5.90951 
  32     2.04489    -5.64078 
  33     2.98999    -5.20192 
  34     3.84492    -4.60615 
  35     4.58387    -3.87145 
  36     5.18457    -3.01998 
  37     5.62888    -2.07742 
  38     5.90342    -1.07220 
  39     5.99990    -0.03464 
  40     5.99990     0.03464 
